,overall_rating,potential,crossing,finishing,heading_accuracy,short_passing,volleys,dribbling,curve,free_kick_accuracy,long_passing,ball_control,acceleration,sprint_speed,agility,reactions,balance,shot_power,jumping,stamina,strength,long_shots,aggression,interceptions,positioning,vision,penalties,marking,standing_tackle,sliding_tackle,gk_diving,gk_handling,gk_kicking,gk_positioning,gk_reflexes
overall_rating,1.0,0.8126120548831716,-0.007312041915554795,-0.006435140559320669,-0.012338832813500603,0.11973612812296358,-0.0012120192790310389,-0.005579942589657452,-0.02024307410972998,0.01766212598681393,0.15578504237886315,0.13490676224289735,0.22513690426207125,0.23897824912066779,0.18562677925594948,0.6346029129334848,0.09512613810934965,0.0809493606471353,0.3873075538654525,0.09407032413605981,0.24737559968370998,-0.0009130159452175908,0.18358721887332782,0.11972802685507297,0.06020734083717199,0.18255121239852337,0.16593498920996239,-0.016847180842933098,-0.013729783462112883,-0.016095902779952338,0.9097921091101194,0.8815807763595619,0.6608985868357334,0.8897440371489223,0.9039134302150028
potential,0.8126120548831716,1.0,-0.002155505830802367,-0.01785976438554705,0.008316578121651036,0.11377984282926068,-0.07342073200703458,-0.0014040956947598015,-0.08220222680038122,0.010145141086240919,0.24306243378555986,0.1117734382653287,0.2729642325688748,0.2619224167726812,0.1854131580305651,0.48260294527681236,0.1360144933273288,0.0984467361842091,0.3382041924569636,0.1795090048803474,0.13854964596180544,-0.002034316967228912,0.15128355657140688,0.20086475143675273,0.12980054156708132,0.2072975108112694,0.23641515440362917,-0.010148683537416608,0.0003924809108306563,-0.0502744075666708,0.7560990219915761,0.7202156530179501,0.5511018333616338,0.6752094031637237,0.774189118278003
crossing,-0.007312041915554795,-0.002155505830802367,1.0,0.8207263472516857,0.7611927043234583,0.1817219307995421,0.6267641370546044,0.802382206450929,0.6242485115907705,0.432469130110859,0.3156307990173311,0.23702258351722363,0.030626312232085,0.0031473484204801627,0.010648692450189609,0.009389911498688487,0.033038037746249894,0.15614637247964705,-0.0022024686137242775,-0.05396492391732104,-0.022779866031226913,0.7802073903553282,-0.0239917226603652,0.3219981023074985,0.511164921923796,0.03443943959673485,0.3347524700674828,0.8156899901402316,0.7868092523624778,0.6292663744022051,-0.018426801996214062,-0.014789146077111705,0.006485969749342624,-0.017815962955046373,-0.0058154943820969696
finishing,-0.006435140559320669,-0.01785976438554705,0.8207263472516857,1.0,0.7456270031165708,0.14951310044884292,0.624615326192862,0.8006622639727479,0.5942067517156759,0.4175059252423921,0.3108091048273206,0.2208368224123142,-0.0017608851946654682,-0.016208899010542656,-0.012730653894974948,0.02160629577809576,0.009778839223678346,0.16369203749354522,0.0017526810068943918,-0.07837002998453195,-0.011878117413516902,0.7944779259818093,-0.041655926479680014,0.31009710487358827,0.5081616210591487,-0.0009102965051870133,0.3394062671367429,0.8278885388846677,0.7793839548520981,0.608893123306495,-0.009732267388595476,-0.018607996265115393,0.0010607916754197056,-0.017956711386749275,-0.0035508915728773363
heading_accuracy,-0.012338832813500603,0.008316578121651036,0.7611927043234583,0.7456270031165708,1.0,0.2176399101494235,0.5512742719216228,0.7526144812370305,0.5367282051018422,0.4166763935156619,0.3407795662175087,0.2549754243487161,0.03877390863162642,0.010171595945119571,0.034038580820347296,0.011923790908847239,0.06519308202482438,0.2287378479992041,0.018928880048403273,0.014226897460915232,-0.0008150242966971289,0.6942916522018338,0.0003214175256418283,0.329258557716422,0.482187500005698,0.09694214053898477,0.34541412829082657,0.7555337996132185,0.780564390701807,0.5880227532668458,-0.02833439872205807,-0.017325215565002796,0.008657703294843281,-0.019104986514681753,-0.01570859240382968
short_passing,0.11973612812296358,0.11377984282926068,0.1817219307995421,0.14951310044884292,0.2176399101494235,1.0,0.2037948114355272,0.20701904615838057,0.15861841009195388,0.08673427826461498,0.24603967601955964,0.3607884727806509,0.13543347257193952,0.1080610468896797,0.11805145386666933,0.1598992286168819,0.04484251462828755,0.343549534900887,0.09413450367835556,0.0421948827062524,0.06897255824703706,0.15763491769604124,0.015441465332258866,0.01105135611661834,0.08477236550416292,0.007894192575562405,0.12502621429398486,0.16860023167688248,0.2049261807835358,0.20221750139657504,0.11510366278291714,0.06439722770225483,0.11945606312308803,0.08032321187902128,0.12116640845727167
volleys,-0.0012120192790310389,-0.07342073200703458,0.6267641370546044,0.624615326192862,0.5512742719216228,0.2037948114355272,1.0,0.611912471953213,0.7099020367136125,0.43597789181570074,-0.06782577265158633,0.18294402839405477,-0.05649534396846946,-0.05963279684651594,-0.06601512241881216,0.09339342348655973,-0.09725871108695772,0.15198755690151777,-0.042709546463940776,-0.22311047976646506,0.03546016274761298,0.6245632675243709,-0.16973097419663172,-0.055758794324244944,0.22204647622382767,-0.17743618871236339,0.025702291906001477,0.6133718963595188,0.5893062591211428,0.6799279386823692,-0.0012876256247890804,-0.020796676428202363,0.004244440184043617,-0.008354979448421186,-0.00734692778245969
dribbling,-0.005579942589657452,-0.0014040956947598015,0.802382206450929,0.8006622639727479,0.7526144812370305,0.20701904615838057,0.611912471953213,1.0,0.600793001399862,0.4138570004213859,0.31473129135643374,0.3245138333258925,0.031470509379177995,0.01933963147341474,0.032966633330915124,0.03955719479329274,0.02812280026233577,0.21032819834071362,0.01960056705048895,-0.04911136161708403,-0.009284910821395808,0.7581156063008866,-0.02651264148616388,0.3127069979172326,0.49672903757008985,0.04672209868275687,0.34978176667739325,0.7974724694990231,0.7694606150329099,0.62078914527437,-0.012820908826166195,-0.013262563514453376,-0.008295561811170998,-0.025046980128191794,-0.0008791195440735191
curve,-0.02024307410972998,-0.08220222680038122,0.6242485115907705,0.5942067517156759,0.5367282051018422,0.15861841009195388,0.7099020367136125,0.600793001399862,1.0,0.44766842979412125,-0.06047603819280413,0.18365210259752326,-0.029533442981984535,-0.041289973457677175,-0.039827939725341176,0.027477177406774585,-0.08323352061841084,0.12425390161910553,-0.01898636137338818,-0.20886903254959122,0.011672105252545648,0.6020705390319231,-0.15434744521336463,-0.03871455017949031,0.22853346920260809,-0.15561205229866545,0.032122560684650144,0.5781728011512809,0.560753046574944,0.6491894168278389,-0.008718560748779943,-0.03749735548022104,-0.01064097331852901,-0.028107469922703136,-0.02331188921876018
free_kick_accuracy,0.01766212598681393,0.010145141086240919,0.432469130110859,0.4175059252423921,0.4166763935156619,0.08673427826461498,0.43597789181570074,0.4138570004213859,0.44766842979412125,1.0,0.17218000811843082,0.16129229089835967,0.041733342795991085,0.027769407621262197,-0.009968687248597627,0.011815527405865684,0.017369948223382312,0.13065074432907073,0.013284499817175268,0.0015605099232947047,0.028243520363166498,0.37419613283787295,-0.008975384619501864,0.21265338293320638,0.33051367340981463,0.02761174548771484,0.277257261224239,0.4337111275754202,0.4319034909259597,0.4190538977245982,0.0005781957575168927,0.009142367571527883,0.03498386617871709,0.0027649623340664843,0.008408952721161385
long_passing,0.15578504237886315,0.24306243378555986,0.3156307990173311,0.3108091048273206,0.3407795662175087,0.24603967601955964,-0.06782577265158633,0.31473129135643374,-0.06047603819280413,0.17218000811843082,1.0,0.22573286104310636,0.20294755453231791,0.17208026816705455,0.20952529630113736,0.019474793588137227,0.26841576378907844,0.20646223334649094,0.17073550979584237,0.39631327574217334,-0.01265346794870792,0.25181378764582657,0.3151718613365952,0.7685771225046812,0.5798194632478544,0.43347027744803623,0.7211140352064163,0.3177713431849975,0.34975043360055913,0.06205853573802957,0.10591955227839162,0.16427164563693003,0.21111101478151412,0.12548060699719835,0.13140877771871948
ball_control,0.13490676224289735,0.1117734382653287,0.23702258351722363,0.2208368224123142,0.2549754243487161,0.3607884727806509,0.18294402839405477,0.3245138333258925,0.18365210259752326,0.16129229089835967,0.22573286104310636,1.0,0.17603438528431867,0.161586555897897,0.1907950263983073,0.14764512370495206,0.10620780705501413,0.29932282533926535,0.15753908862265942,0.15007226080149366,0.06338175567173655,0.20793356759101403,0.12376052583406583,0.1317767557157951,0.17904072536052335,0.06608281441263472,0.22225010018830213,0.22980135361530749,0.24044531728402369,0.20304179362777305,0.12220987074439157,0.0959874467774564,0.11589669813309805,0.09042085971052405,0.11638599900443317
acceleration,0.22513690426207125,0.2729642325688748,0.030626312232085,-0.0017608851946654682,0.03877390863162642,0.13543347257193952,-0.05649534396846946,0.031470509379177995,-0.029533442981984535,0.041733342795991085,0.20294755453231791,0.17603438528431867,1.0,0.7642942056316596,0.44961474312418204,0.21411597639446472,0.3369844766939445,0.12171544247985745,0.33894728686957465,0.36162711537342573,0.14840724737956285,-0.014202040602347166,0.25437289086058507,0.19587802007364627,0.13572155703756084,0.21405124763543906,0.21299807294727105,0.0011229196759201575,0.00581674055668025,-0.01511605389866571,0.21616254332941345,0.16266798594176382,0.1832709087913737,0.12243370876759581,0.24730852048269578
sprint_speed,0.23897824912066779,0.2619224167726812,0.0031473484204801627,-0.016208899010542656,0.010171595945119571,0.1080610468896797,-0.05963279684651594,0.01933963147341474,-0.041289973457677175,0.027769407621262197,0.17208026816705455,0.161586555897897,0.7642942056316596,1.0,0.4042564575809467,0.23125635874225034,0.3203256375799627,0.1032695309799193,0.34710025197721023,0.38011621078859564,0.1892369187376502,-0.02692776908271621,0.2469908130064582,0.19097557906239573,0.11272954658521309,0.21523640470766342,0.2024699011297368,-0.01931337771363053,-0.017145466689001816,-0.021621718155768008,0.23804551550688002,0.1738836821607186,0.21687879122077325,0.1287398077490606,0.24556012028272683
agility,0.18562677925594948,0.1854131580305651,0.010648692450189609,-0.012730653894974948,0.034038580820347296,0.11805145386666933,-0.06601512241881216,0.032966633330915124,-0.039827939725341176,-0.009968687248597627,0.20952529630113736,0.1907950263983073,0.44961474312418204,0.4042564575809467,1.0,0.17973561582625552,0.41441733028571653,0.10213871700726135,0.3781922676527932,0.31790084830683,-0.005834403970280401,-0.010648133722888949,0.20634115552892787,0.15853866340053455,0.09068484334687188,0.20224380280776436,0.13703372509282313,-0.016960174878369684,0.0028121804462113527,-0.009208809637782837,0.1789901944632125,0.14490434146078213,0.13439209103391567,0.10503341648585304,0.19975813983088847
reactions,0.6346029129334848,0.48260294527681236,0.009389911498688487,0.02160629577809576,0.011923790908847239,0.1598992286168819,0.09339342348655973,0.03955719479329274,0.027477177406774585,0.011815527405865684,0.019474793588137227,0.14764512370495206,0.21411597639446472,0.23125635874225034,0.17973561582625552,1.0,0.06664243865788219,0.08060989241709206,0.3805923205658446,0.02819734648485629,0.34298738347805585,0.028743376792571818,0.14226464412935677,0.0075587784767435304,0.02425811448207781,0.10391251641874191,0.08397092715226388,0.013149430187495073,-0.007902055380502286,0.0328456423857324,0.5424196071334906,0.4941647587247169,0.3568060253781522,0.5095632534497705,0.5632617172560365
balance,0.09512613810934965,0.1360144933273288,0.033038037746249894,0.009778839223678346,0.06519308202482438,0.04484251462828755,-0.09725871108695772,0.02812280026233577,-0.08323352061841084,0.017369948223382312,0.26841576378907844,0.10620780705501413,0.3369844766939445,0.3203256375799627,0.41441733028571653,0.06664243865788219,1.0,0.06776632506688653,0.2850735541453661,0.36601551310428354,0.08764575498293593,-0.0057049531017869795,0.2754386991562421,0.29191714750455194,0.18009340424270123,0.32273227944214866,0.24627833378431443,0.017940965731541598,0.03974713931648543,-0.04771353617065211,0.07941697390777432,0.08581431518234879,0.12674012799794795,0.04619107331990659,0.08423460486505593
shot_power,0.0809493606471353,0.0984467361842091,0.15614637247964705,0.16369203749354522,0.2287378479992041,0.343549534900887,0.15198755690151777,0.21032819834071362,0.12425390161910553,0.13065074432907073,0.20646223334649094,0.29932282533926535,0.12171544247985745,0.1032695309799193,0.10213871700726135,0.08060989241709206,0.06776632506688653,1.0,0.11830435189661347,0.10596557953224255,0.03908793259075238,0.18124427425209505,0.07111742007105977,0.0774301382802227,0.1014898612751199,0.007722059514856082,0.2020526843677074,0.18337428278370033,0.22481215947246241,0.1952538229037233,0.03883427612529988,0.07600639613911984,0.050870843317172905,0.0783869840401747,0.06330663575180934
jumping,0.3873075538654525,0.3382041924569636,-0.0022024686137242775,0.0017526810068943918,0.018928880048403273,0.09413450367835556,-0.042709546463940776,0.01960056705048895,-0.01898636137338818,0.013284499817175268,0.17073550979584237,0.15753908862265942,0.33894728686957465,0.34710025197721023,0.3781922676527932,0.3805923205658446,0.2850735541453661,0.11830435189661347,1.0,0.22941654182025675,0.1577595461925493,-0.008509724621803442,0.19740336014593365,0.1318826249314639,0.08169521176656519,0.1688216643481143,0.15530113828789788,-0.007476504023004873,-0.0020566547017071392,-0.009836746283607967,0.3830978996832095,0.2964201287934387,0.22683733732836203,0.25792121480693936,0.38121801465206756
stamina,0.09407032413605981,0.1795090048803474,-0.05396492391732104,-0.07837002998453195,0.014226897460915232,0.0421948827062524,-0.22311047976646506,-0.04911136161708403,-0.20886903254959122,0.0015605099232947047,0.39631327574217334,0.15007226080149366,0.36162711537342573,0.38011621078859564,0.31790084830683,0.02819734648485629,0.36601551310428354,0.10596557953224255,0.22941654182025675,1.0,0.17320505279378265,-0.1375276480664799,0.46845411370029333,0.43068621834241105,0.23047911282424977,0.3939567865062481,0.3506100398029275,-0.06190068972255155,-0.002920473778221505,-0.10730992014089488,0.056266902327096704,0.11075711839331724,0.09782437953148226,0.05631250502914028,0.054784746280115426
strength,0.24737559968370998,0.13854964596180544,-0.022779866031226913,-0.011878117413516902,-0.0008150242966971289,0.06897255824703706,0.03546016274761298,-0.009284910821395808,0.011672105252545648,0.028243520363166498,-0.01265346794870792,0.06338175567173655,0.14840724737956285,0.1892369187376502,-0.005834403970280401,0.34298738347805585,0.08764575498293593,0.03908793259075238,0.1577595461925493,0.17320505279378265,1.0,-0.016646592009008757,0.24410722628909548,0.05029424600144596,0.0021970173268017097,0.09620371755179462,0.07999461093943298,-0.007686134220418937,-0.03243100415365609,-0.009098495849055522,0.18648460699914032,0.2111387413140367,0.18188668268677144,0.21126731040716024,0.17867714187420136
long_shots,-0.0009130159452175908,-0.002034316967228912,0.7802073903553282,0.7944779259818093,0.6942916522018338,0.15763491769604124,0.6245632675243709,0.7581156063008866,0.6020705390319231,0.37419613283787295,0.25181378764582657,0.20793356759101403,-0.014202040602347166,-0.02692776908271621,-0.010648133722888949,0.028743376792571818,-0.0057049531017869795,0.18124427425209505,-0.008509724621803442,-0.1375276480664799,-0.016646592009008757,1.0,-0.09233709757536043,0.24439841826600114,0.5105417638572763,-0.025422509764482508,0.2959683345991945,0.7917430948900417,0.7350629540748285,0.5833391256263839,0.001661291772744749,-0.013928306724986452,0.005983985062846789,-0.0198100139300838,0.012084468632576725
aggression,0.18358721887332782,0.15128355657140688,-0.0239917226603652,-0.041655926479680014,0.0003214175256418283,0.015441465332258866,-0.16973097419663172,-0.02651264148616388,-0.15434744521336463,-0.008975384619501864,0.3151718613365952,0.12376052583406583,0.25437289086058507,0.2469908130064582,0.20634115552892787,0.14226464412935677,0.2754386991562421,0.07111742007105977,0.19740336014593365,0.46845411370029333,0.24410722628909548,-0.09233709757536043,1.0,0.4040900594009419,0.2020952322695874,0.3997057537476635,0.3378299520755991,-0.04156866816854052,-0.00844956852300797,-0.09863408913629829,0.1128800587915208,0.19163699552037258,0.13245446475385741,0.1696208869683208,0.1274368897618715
interceptions,0.11972802685507297,0.20086475143675273,0.3219981023074985,0.31009710487358827,0.329258557716422,0.01105135611661834,-0.055758794324244944,0.3127069979172326,-0.03871455017949031,0.21265338293320638,0.7685771225046812,0.1317767557157951,0.19587802007364627,0.19097557906239573,0.15853866340053455,0.0075587784767435304,0.29191714750455194,0.0774301382802227,0.1318826249314639,0.43068621834241105,0.05029424600144596,0.24439841826600114,0.4040900594009419,1.0,0.6618881708157418,0.5251715868540843,0.759509874468472,0.3187729869713406,0.34222089054670096,0.06453512350607467,0.0666150763797042,0.14020422104423536,0.1274121388072481,0.09906845497381615,0.08361206279563545
positioning,0.06020734083717199,0.12980054156708132,0.511164921923796,0.5081616210591487,0.482187500005698,0.08477236550416292,0.22204647622382767,0.49672903757008985,0.22853346920260809,0.33051367340981463,0.5798194632478544,0.17904072536052335,0.13572155703756084,0.11272954658521309,0.09068484334687188,0.02425811448207781,0.18009340424270123,0.1014898612751199,0.08169521176656519,0.23047911282424977,0.0021970173268017097,0.5105417638572763,0.2020952322695874,0.6618881708157418,1.0,0.28533732709253,0.5863784179157818,0.5193631004833492,0.5111558022425189,0.27786785478349985,0.030192654647627173,0.07249908801334705,0.07924685497651181,0.03166715273066764,0.050593069768746286
vision,0.18255121239852337,0.2072975108112694,0.03443943959673485,-0.0009102965051870133,0.09694214053898477,0.007894192575562405,-0.17743618871236339,0.04672209868275687,-0.15561205229866545,0.02761174548771484,0.43347027744803623,0.06608281441263472,0.21405124763543906,0.21523640470766342,0.20224380280776436,0.10391251641874191,0.32273227944214866,0.007722059514856082,0.1688216643481143,0.3939567865062481,0.09620371755179462,-0.025422509764482508,0.3997057537476635,0.5251715868540843,0.28533732709253,1.0,0.3923204115467929,0.02274240677688437,0.061497541277369894,-0.07980497575650417,0.1324335729243669,0.18796405815089073,0.18293854232865517,0.16812364775257677,0.13455487242783057
penalties,0.16593498920996239,0.23641515440362917,0.3347524700674828,0.3394062671367429,0.34541412829082657,0.12502621429398486,0.025702291906001477,0.34978176667739325,0.032122560684650144,0.277257261224239,0.7211140352064163,0.22225010018830213,0.21299807294727105,0.2024699011297368,0.13703372509282313,0.08397092715226388,0.24627833378431443,0.2020526843677074,0.15530113828789788,0.3506100398029275,0.07999461093943298,0.2959683345991945,0.3378299520755991,0.759509874468472,0.5863784179157818,0.3923204115467929,1.0,0.3463544827646895,0.3667117681427041,0.10810441633764836,0.12671075481378077,0.16241614318514241,0.1468585889654715,0.11988584429044213,0.13789207864461378
marking,-0.016847180842933098,-0.010148683537416608,0.8156899901402316,0.8278885388846677,0.7555337996132185,0.16860023167688248,0.6133718963595188,0.7974724694990231,0.5781728011512809,0.4337111275754202,0.3177713431849975,0.22980135361530749,0.0011229196759201575,-0.01931337771363053,-0.016960174878369684,0.013149430187495073,0.017940965731541598,0.18337428278370033,-0.007476504023004873,-0.06190068972255155,-0.007686134220418937,0.7917430948900417,-0.04156866816854052,0.3187729869713406,0.5193631004833492,0.02274240677688437,0.3463544827646895,1.0,0.8151688957263589,0.6297997813609528,-0.021423045321754146,-0.022788656940663673,-0.013324893520968462,-0.02906228395190489,-0.01745571614249983
standing_tackle,-0.013729783462112883,0.0003924809108306563,0.7868092523624778,0.7793839548520981,0.780564390701807,0.2049261807835358,0.5893062591211428,0.7694606150329099,0.560753046574944,0.4319034909259597,0.34975043360055913,0.24044531728402369,0.00581674055668025,-0.017145466689001816,0.0028121804462113527,-0.007902055380502286,0.03974713931648543,0.22481215947246241,-0.0020566547017071392,-0.002920473778221505,-0.03243100415365609,0.7350629540748285,-0.00844956852300797,0.34222089054670096,0.5111558022425189,0.061497541277369894,0.3667117681427041,0.8151688957263589,1.0,0.6956751116227254,-0.02313377564945397,-0.01378757852839184,-0.0006525736232252552,-0.017030323608662877,-0.019495875182431874
sliding_tackle,-0.016095902779952338,-0.0502744075666708,0.6292663744022051,0.608893123306495,0.5880227532668458,0.20221750139657504,0.6799279386823692,0.62078914527437,0.6491894168278389,0.4190538977245982,0.06205853573802957,0.20304179362777305,-0.01511605389866571,-0.021621718155768008,-0.009208809637782837,0.0328456423857324,-0.04771353617065211,0.1952538229037233,-0.009836746283607967,-0.10730992014089488,-0.009098495849055522,0.5833391256263839,-0.09863408913629829,0.06453512350607467,0.27786785478349985,-0.07980497575650417,0.10810441633764836,0.6297997813609528,0.6956751116227254,1.0,-0.013062655641311064,-0.034802727752758965,-0.01423688303781584,-0.024771425262557302,-0.012235963220125165
gk_diving,0.9097921091101194,0.7560990219915761,-0.018426801996214062,-0.009732267388595476,-0.02833439872205807,0.11510366278291714,-0.0012876256247890804,-0.012820908826166195,-0.008718560748779943,0.0005781957575168927,0.10591955227839162,0.12220987074439157,0.21616254332941345,0.23804551550688002,0.1789901944632125,0.5424196071334906,0.07941697390777432,0.03883427612529988,0.3830978996832095,0.056266902327096704,0.18648460699914032,0.001661291772744749,0.1128800587915208,0.0666150763797042,0.030192654647627173,0.1324335729243669,0.12671075481378077,-0.021423045321754146,-0.02313377564945397,-0.013062655641311064,1.0,0.716748733262923,0.5775400513344756,0.7147111567278953,0.8688135827272458
gk_handling,0.8815807763595619,0.7202156530179501,-0.014789146077111705,-0.018607996265115393,-0.017325215565002796,0.06439722770225483,-0.020796676428202363,-0.013262563514453376,-0.03749735548022104,0.009142367571527883,0.16427164563693003,0.0959874467774564,0.16266798594176382,0.1738836821607186,0.14490434146078213,0.4941647587247169,0.08581431518234879,0.07600639613911984,0.2964201287934387,0.11075711839331724,0.2111387413140367,-0.013928306724986452,0.19163699552037258,0.14020422104423536,0.07249908801334705,0.18796405815089073,0.16241614318514241,-0.022788656940663673,-0.01378757852839184,-0.034802727752758965,0.716748733262923,1.0,0.5932730917076867,0.8190266780072739,0.6963536665513297
gk_kicking,0.6608985868357334,0.5511018333616338,0.006485969749342624,0.0010607916754197056,0.008657703294843281,0.11945606312308803,0.004244440184043617,-0.008295561811170998,-0.01064097331852901,0.03498386617871709,0.21111101478151412,0.11589669813309805,0.1832709087913737,0.21687879122077325,0.13439209103391567,0.3568060253781522,0.12674012799794795,0.050870843317172905,0.22683733732836203,0.09782437953148226,0.18188668268677144,0.005983985062846789,0.13245446475385741,0.1274121388072481,0.07924685497651181,0.18293854232865517,0.1468585889654715,-0.013324893520968462,-0.0006525736232252552,-0.01423688303781584,0.5775400513344756,0.5932730917076867,1.0,0.5735411551492442,0.5481072832831241
gk_positioning,0.8897440371489223,0.6752094031637237,-0.017815962955046373,-0.017956711386749275,-0.019104986514681753,0.08032321187902128,-0.008354979448421186,-0.025046980128191794,-0.028107469922703136,0.0027649623340664843,0.12548060699719835,0.09042085971052405,0.12243370876759581,0.1287398077490606,0.10503341648585304,0.5095632534497705,0.04619107331990659,0.0783869840401747,0.25792121480693936,0.05631250502914028,0.21126731040716024,-0.0198100139300838,0.1696208869683208,0.09906845497381615,0.03166715273066764,0.16812364775257677,0.11988584429044213,-0.02906228395190489,-0.017030323608662877,-0.024771425262557302,0.7147111567278953,0.8190266780072739,0.5735411551492442,1.0,0.7122099803621692
gk_reflexes,0.9039134302150028,0.774189118278003,-0.0058154943820969696,-0.0035508915728773363,-0.01570859240382968,0.12116640845727167,-0.00734692778245969,-0.0008791195440735191,-0.02331188921876018,0.008408952721161385,0.13140877771871948,0.11638599900443317,0.24730852048269578,0.24556012028272683,0.19975813983088847,0.5632617172560365,0.08423460486505593,0.06330663575180934,0.38121801465206756,0.054784746280115426,0.17867714187420136,0.012084468632576725,0.1274368897618715,0.08361206279563545,0.050593069768746286,0.13455487242783057,0.13789207864461378,-0.01745571614249983,-0.019495875182431874,-0.012235963220125165,0.8688135827272458,0.6963536665513297,0.5481072832831241,0.7122099803621692,1.0
